39.500 199.500 61.000 103.000
38.766 199.102 63.750 107.643
38.764 202.693 61.080 103.135
38.670 198.445 63.833 107.784
38.670 197.774 63.833 107.784
36.653 200.031 61.160 103.270
38.481 198.345 63.917 107.926
38.481 197.674 63.917 107.926
38.481 198.345 63.917 107.926
38.481 197.674 63.917 107.926
47.195 206.640 61.240 103.406
43.886 201.737 64.001 108.067
38.505 197.702 64.001 108.067
37.160 197.702 64.001 108.067
38.505 197.702 64.001 108.067
35.815 197.702 64.001 108.067
37.828 200.637 61.321 103.542
37.828 205.139 61.321 103.542
40.305 204.091 64.085 108.209
38.287 198.039 64.085 108.209
38.959 198.039 64.085 108.209
37.614 198.039 64.085 108.209
38.287 198.039 64.085 108.209
38.959 198.039 64.085 108.209
38.287 198.039 64.085 108.209
38.959 198.039 64.085 108.209
38.287 198.039 64.085 108.209
40.205 196.272 66.974 113.087
38.088 197.936 64.169 108.351
38.088 197.262 64.169 108.351
36.642 193.470 67.062 113.236
38.750 197.953 64.253 108.493
38.750 197.279 64.253 108.493
38.750 197.953 64.253 108.493
38.750 197.279 64.253 108.493
38.750 197.953 64.253 108.493
34.699 204.947 61.562 103.950
38.488 198.074 64.338 108.636
34.441 200.098 64.338 108.636
39.161 200.349 61.643 104.086
39.065 198.003 64.422 108.778
38.389 198.003 64.422 108.778
36.260 192.169 67.326 113.682
39.082 197.373 64.507 108.921
37.053 197.373 64.507 108.921
37.729 197.373 64.507 108.921
38.406 197.373 64.507 108.921
37.729 197.373 64.507 108.921
37.729 197.373 64.507 108.921
37.729 197.373 64.507 108.921
34.922 194.918 67.414 113.831
39.165 198.009 64.591 109.064
37.808 197.331 64.591 109.064
37.130 198.009 64.591 109.064
39.161 199.615 61.886 104.496
38.512 198.966 61.886 104.496
36.565 204.807 61.886 104.496
37.766 197.908 64.676 109.207
39.799 199.517 61.967 104.633
36.449 196.507 64.761 109.350
38.490 197.868 64.761 109.350
39.846 199.477 62.049 104.771
39.099 197.767 64.846 109.494
39.776 200.060 62.130 104.908
39.682 197.695 64.931 109.637
37.536 200.683 67.858 114.580
38.957 197.388 65.016 109.781
38.274 197.388 65.016 109.781
38.271 199.687 62.293 105.183
40.236 200.342 62.293 105.183
40.236 199.687 62.293 105.183
40.236 200.342 62.293 105.183
40.236 199.687 62.293 105.183
38.832 197.316 65.101 109.925
38.832 198.000 65.101 109.925
46.354 205.092 62.375 105.321
38.399 197.479 65.187 110.069
39.764 199.100 62.457 105.460
42.285 199.997 65.272 110.214
39.546 200.252 62.539 105.598
40.203 199.595 62.539 105.598
39.546 199.595 62.539 105.598
40.203 199.595 62.539 105.598
39.546 199.595 62.539 105.598
38.890 200.252 62.539 105.598
38.228 201.149 59.920 101.176
34.448 209.562 57.410 96.938
39.775 202.562 59.998 101.308
39.682 199.649 62.703 105.875
39.682 198.990 62.703 105.875
36.292 197.262 65.529 110.648
38.353 198.891 62.785 106.014
39.011 199.550 62.785 106.014
39.011 198.891 62.785 106.014
39.011 199.550 62.785 106.014
39.011 198.891 62.785 106.014
38.353 198.891 62.785 106.014
38.914 197.160 65.615 110.793
38.911 198.792 62.867 106.153
39.572 199.453 62.867 106.153
38.911 199.453 62.867 106.153
39.572 199.453 62.867 106.153
38.911 199.453 62.867 106.153
37.585 201.676 60.235 101.708
34.964 197.489 62.950 106.293
38.171 196.415 65.788 111.084
38.858 198.741 63.033 106.432
39.519 198.741 63.033 106.432
38.858 198.741 63.033 106.432
39.420 193.038 65.874 111.230
37.338 203.673 63.115 106.572
36.579 195.306 65.960 111.376
34.499 202.483 63.198 106.711
37.813 198.507 63.198 106.711
37.813 198.507 63.198 106.711
35.825 197.182 63.198 106.711
38.475 197.844 63.198 106.711
37.150 197.182 63.198 106.711
38.475 197.844 63.198 106.711
36.487 201.821 63.198 106.711
36.487 197.844 63.198 106.711
37.813 197.844 63.198 106.711
37.813 197.182 63.198 106.711
38.475 197.844 63.198 106.711
37.813 197.844 63.198 106.711
37.813 197.844 63.198 106.711
37.813 197.844 63.198 106.711
37.813 197.844 63.198 106.711
38.475 197.844 63.198 106.711
37.813 197.844 63.198 106.711
37.813 197.844 63.198 106.711
38.475 197.844 63.198 106.711
37.813 197.182 63.198 106.711
38.377 192.788 66.047 111.522
39.760 198.594 63.281 106.851
39.095 198.594 63.281 106.851
37.765 198.594 63.281 106.851
39.095 198.594 63.281 106.851
38.430 198.594 63.281 106.851
38.430 198.594 63.281 106.851
39.095 198.594 63.281 106.851
38.430 198.594 63.281 106.851
39.095 198.594 63.281 106.851
38.998 198.844 66.134 111.668
38.994 198.406 63.364 106.992
35.572 195.330 66.220 111.815
39.047 198.367 63.447 107.132
36.284 196.619 66.307 111.961
34.195 193.139 66.307 111.961
36.980 195.227 66.307 111.961
39.760 192.699 63.530 107.273
34.995 194.281 66.394 112.108
38.474 198.021 63.614 107.413
39.142 198.021 63.614 107.413
38.474 198.021 63.614 107.413
39.046 200.280 66.481 112.255
37.646 199.839 63.697 107.554
38.216 196.077 66.569 112.403
38.214 197.733 63.781 107.695
36.876 197.733 63.781 107.695
38.113 192.631 66.656 112.550
38.809 199.188 63.864 107.837
34.782 204.128 61.190 103.320
38.547 198.584 63.948 107.978
36.536 197.242 63.948 107.978
38.447 200.173 66.831 112.846
37.741 197.622 64.032 108.120
34.952 194.513 66.919 112.994
37.056 197.581 64.116 108.262
38.401 197.581 64.116 108.262
36.283 195.141 67.006 113.142
38.390 198.214 64.200 108.404
37.618 195.096 67.094 113.290
39.022 198.172 64.284 108.546
36.996 199.771 61.592 104.000
38.196 197.426 64.369 108.688
38.872 197.426 64.369 108.688
36.843 198.103 64.369 108.688
35.392 195.653 67.270 113.588
38.213 198.032 64.453 108.831
38.889 198.032 64.453 108.831
38.213 198.032 64.453 108.831
38.889 198.032 64.453 108.831
38.209 203.693 61.754 104.273
39.413 196.799 64.538 108.974
38.057 197.478 64.538 108.974
37.959 192.308 67.447 113.886
37.248 197.524 64.622 109.117
39.279 199.131 61.916 104.547
37.235 201.966 64.707 109.260
39.268 200.184 61.997 104.684
39.173 197.173 64.792 109.403
37.812 197.853 64.792 109.403
40.529 199.464 62.079 104.821
38.479 197.752 64.877 109.547
38.479 197.072 64.877 109.547
38.479 197.072 64.877 109.547
38.479 197.072 64.877 109.547
38.479 197.072 64.877 109.547
38.479 197.072 64.877 109.547
37.799 197.752 64.877 109.547
39.838 200.046 62.160 104.959
39.089 197.680 64.962 109.690
39.767 199.977 62.242 105.097
39.114 198.671 62.242 105.097
39.017 197.608 65.047 109.834
39.015 199.908 62.323 105.234
36.300 196.227 65.133 109.978
39.717 199.898 62.405 105.372
39.062 199.243 62.405 105.372
39.062 199.898 62.405 105.372
38.407 199.243 62.405 105.372
38.965 197.523 65.218 110.123
37.594 203.935 62.487 105.511
42.192 203.935 62.487 105.511
38.156 197.615 65.304 110.267
34.625 191.699 68.248 115.238
37.486 196.975 65.389 110.412
38.855 199.287 62.651 105.788
38.855 199.287 62.651 105.788
38.855 199.287 62.651 105.788
38.855 199.287 62.651 105.788
39.512 199.287 62.651 105.788
36.786 194.275 65.475 110.557
37.474 196.339 65.475 110.557
40.222 199.343 62.733 105.927
38.904 198.684 62.733 105.927
37.586 199.343 62.733 105.927
38.808 196.955 65.561 110.702
38.804 198.585 62.815 106.066
38.804 198.585 62.815 106.066
38.804 199.244 62.815 106.066
38.804 198.585 62.815 106.066
38.804 199.244 62.815 106.066
35.510 199.244 62.815 106.066
38.706 196.853 65.647 110.847
38.704 199.862 62.898 106.205
39.365 199.862 62.898 106.205
39.929 194.165 65.733 110.992
34.307 193.043 68.697 115.996
38.631 196.194 65.820 111.138
37.939 198.521 63.063 106.484
36.518 192.144 65.906 111.284
39.282 200.704 63.146 106.623
37.957 197.390 63.146 106.623
37.957 198.053 63.146 106.623
37.957 198.053 63.146 106.623
38.619 198.053 63.146 106.623
37.957 198.053 63.146 106.623
37.859 196.313 65.992 111.430
39.933 198.646 63.229 106.763
38.603 197.981 63.229 106.763
36.513 198.234 66.079 111.576
38.591 199.182 63.312 106.903
39.823 193.449 66.166 111.722
36.352 196.225 66.166 111.722
38.432 199.259 63.395 107.043
43.748 204.159 60.740 102.560
38.555 199.298 63.478 107.184
38.458 196.882 66.339 112.016
41.239 198.532 63.561 107.324
37.906 197.865 63.561 107.324
36.572 197.865 63.561 107.324
35.140 194.113 66.426 112.163
37.831 197.867 69.421 117.219
36.367 195.216 66.514 112.310
39.156 198.964 63.728 107.606
38.487 197.626 63.728 107.606
38.487 198.295 63.728 107.606
42.499 201.638 63.728 107.606
38.487 198.964 63.728 107.606
39.156 198.295 63.728 107.606
37.818 198.295 63.728 107.606
35.812 202.975 63.728 107.606
35.045 195.869 66.601 112.457
38.539 197.524 63.812 107.747
37.198 194.842 63.812 107.747
37.869 198.195 63.812 107.747
37.101 196.437 66.688 112.605
39.197 198.795 63.895 107.889
37.186 198.124 63.895 107.889
37.856 197.454 63.895 107.889
39.197 197.454 63.895 107.889
37.856 197.454 63.895 107.889
38.527 198.124 63.895 107.889
38.524 200.383 61.219 103.370
39.073 198.053 63.979 108.030
37.050 205.023 61.300 103.506
38.241 198.188 64.063 108.172
38.241 198.188 64.063 108.172
38.914 198.188 64.063 108.172
34.206 201.551 64.063 108.172
38.910 200.454 61.380 103.642
39.462 197.472 64.147 108.314
37.444 197.472 64.147 108.314
37.444 197.472 64.147 108.314
37.444 196.800 64.147 108.314
37.444 197.472 64.147 108.314
37.444 197.472 64.147 108.314
38.117 197.472 64.147 108.314
39.460 205.121 61.461 103.778
35.494 199.556 64.231 108.456
39.537 200.478 61.541 103.914
39.440 198.781 64.316 108.598
37.991 196.333 67.215 113.494
37.280 198.710 64.400 108.741
39.982 199.634 61.703 104.187
37.297 198.580 64.484 108.884
35.268 195.874 64.484 108.884
37.971 199.507 61.784 104.324
39.174 197.804 64.569 109.026
37.817 197.126 64.569 109.026
37.817 197.804 64.569 109.026
37.817 197.126 64.569 109.026
37.817 197.126 64.569 109.026
37.817 197.804 64.569 109.026
37.817 197.126 64.569 109.026
37.139 197.804 64.569 109.026
39.170 199.409 61.865 104.460
39.073 197.704 64.654 109.169
38.395 197.704 64.654 109.169
37.716 197.704 64.654 109.169
38.395 197.704 64.654 109.169
43.141 203.382 61.946 104.597
38.490 197.769 64.739 109.313
38.490 198.450 64.739 109.313
38.490 197.769 64.739 109.313
38.490 198.450 64.739 109.313
38.490 197.769 64.739 109.313
37.809 198.450 64.739 109.313
39.845 200.058 62.027 104.735
38.447 197.697 64.823 109.456
39.027 197.952 67.746 114.390
37.599 201.059 64.909 109.600
38.281 198.330 64.909 109.600
40.323 199.942 62.190 105.010
39.017 199.942 62.190 105.010
38.921 201.493 64.994 109.743
38.917 199.697 62.272 105.147
39.570 199.697 62.272 105.147
38.819 193.409 65.079 109.887
38.137 196.821 65.079 109.887
37.455 196.821 65.079 109.887
39.500 199.804 62.353 105.285
39.500 200.459 62.353 105.285
39.500 199.804 62.353 105.285
39.404 194.157 65.164 110.032
38.035 196.210 65.164 110.032
38.035 196.210 65.164 110.032
38.716 199.882 62.435 105.423
38.618 197.506 65.250 110.176
39.300 200.498 62.517 105.562
39.205 198.775 65.335 110.320
37.828 201.085 62.599 105.700
38.387 197.389 65.421 110.465
36.326 198.330 62.681 105.839
38.207 195.285 65.507 110.610
38.207 196.662 65.507 110.610
39.579 199.666 62.764 105.978
38.920 199.007 62.764 105.978
38.920 199.007 62.764 105.978
38.920 199.666 62.764 105.978
38.261 199.007 62.764 105.978
38.920 199.666 62.764 105.978
38.920 199.666 62.764 105.978
38.920 199.007 62.764 105.978
38.920 199.666 62.764 105.978
38.920 199.007 62.764 105.978
38.920 199.007 62.764 105.978
39.482 201.889 65.593 110.755
38.103 198.702 62.846 106.117
38.761 199.361 62.846 106.117
38.103 198.702 62.846 106.117
40.738 202.655 62.846 106.117
38.103 199.361 62.846 106.117
34.710 194.334 65.679 110.901
37.470 196.405 65.679 110.901
39.536 200.107 62.928 106.256
38.875 198.786 62.928 106.256
38.875 198.786 62.928 106.256
38.875 198.786 62.928 106.256
38.875 198.786 62.928 106.256
38.875 198.786 62.928 106.256
37.553 199.446 62.928 106.256
38.117 196.391 65.765 111.046
36.044 199.406 63.011 106.395
37.266 195.026 65.851 111.192
40.030 198.738 63.094 106.535
38.041 197.413 63.094 106.535
38.041 198.076 63.094 106.535
38.700 201.632 60.451 102.073
39.878 199.331 63.176 106.675
35.141 194.939 66.024 111.484
39.292 199.349 63.259 106.815
38.627 198.685 63.259 106.815
38.627 198.685 63.259 106.815
38.627 198.685 63.259 106.815
39.292 198.685 63.259 106.815
39.196 198.936 66.111 111.630
37.803 204.050 63.342 106.955
38.370 198.316 66.198 111.776
42.532 202.739 63.425 107.095
38.532 198.072 63.425 107.095
38.532 194.072 63.425 107.095
37.866 198.072 63.425 107.095
38.532 198.739 63.425 107.095
38.532 198.072 63.425 107.095
38.532 198.739 63.425 107.095
37.866 198.072 63.425 107.095
39.866 193.405 63.425 107.095
38.532 198.739 63.425 107.095
38.436 194.991 66.285 111.923
39.128 199.423 63.509 107.236
38.461 198.090 63.509 107.236
38.461 198.090 63.509 107.236
38.461 198.090 63.509 107.236
38.461 198.757 63.509 107.236
38.461 198.090 63.509 107.236
35.795 198.090 63.509 107.236
38.461 198.757 63.509 107.236
38.461 198.090 63.509 107.236
36.461 201.423 63.509 107.236
36.461 196.757 63.509 107.236
38.461 198.090 63.509 107.236
46.458 206.335 60.849 102.745
39.973 198.906 63.592 107.376
38.639 198.239 63.592 107.376
38.639 198.906 63.592 107.376
43.306 202.239 63.592 107.376
37.973 198.906 63.592 107.376
38.639 198.239 63.592 107.376
38.639 198.906 63.592 107.376
38.639 198.239 63.592 107.376
38.639 198.906 63.592 107.376
38.639 198.239 63.592 107.376
37.971 201.821 60.929 102.880
37.876 199.502 63.675 107.517
38.545 198.165 63.675 107.517
39.213 198.165 63.675 107.517
38.545 198.165 63.675 107.517
39.213 198.165 63.675 107.517
38.447 196.410 66.546 112.364
38.444 198.065 63.759 107.658
39.113 198.065 63.759 107.658
38.444 198.065 63.759 107.658
38.442 200.988 61.089 103.150
39.630 198.663 63.842 107.800
34.838 197.574 66.720 112.659
39.035 199.233 63.926 107.941
38.364 197.892 63.926 107.941
38.364 198.563 63.926 107.941
38.364 197.892 63.926 107.941
38.364 198.563 63.926 107.941
38.364 197.892 63.926 107.941
38.364 198.563 63.926 107.941
36.350 203.505 61.249 103.420
38.828 198.602 64.010 108.083
37.483 197.929 64.010 108.083
39.501 197.929 64.010 108.083
38.156 197.929 64.010 108.083
37.478 200.193 61.329 103.556
38.669 197.858 64.094 108.224
37.996 197.858 64.094 108.224
38.669 197.858 64.094 108.224
37.996 197.858 64.094 108.224
38.669 197.858 64.094 108.224
37.897 191.384 66.983 113.103
37.187 198.680 64.178 108.366
39.206 200.274 61.490 103.828
39.110 197.934 64.262 108.509
37.086 197.934 64.262 108.509
34.963 194.814 67.159 113.400
38.487 197.894 64.347 108.651
36.464 197.220 64.347 108.651
37.138 196.545 64.347 108.651
39.836 199.918 64.347 108.651
37.138 197.220 64.347 108.651
38.487 196.545 64.347 108.651
37.138 196.545 64.347 108.651
37.813 196.545 64.347 108.651
37.813 196.545 64.347 108.651
37.138 196.545 64.347 108.651
38.487 196.545 64.347 108.651
34.440 195.871 64.347 108.651
37.138 197.220 64.347 108.651
37.712 192.073 67.247 113.549
37.708 197.980 64.431 108.793
38.384 197.980 64.431 108.793
38.962 198.910 67.336 113.698
38.248 198.459 64.516 108.936
36.895 197.106 64.516 108.936
38.147 192.622 67.424 113.847
37.435 197.129 64.600 109.079
38.792 197.129 64.600 109.079
37.435 197.807 64.600 109.079
39.466 199.413 61.895 104.511
39.369 197.057 64.685 109.222
39.367 200.023 61.976 104.648
39.272 197.664 64.770 109.366
37.911 198.345 64.770 109.366
